Spectrum recorded / timer begun 11 06 2021 15:47:12

Timer Mass Analog Digital ScnTm Hght
0.547	50	-0.046005	0	0.50925	1.1378
1.094	51	-0.043226	1	0.50925	20.298
1.641	52	-0.04662	0	0.50925	1.1378
2.204	53	-0.043146	1	0.50925	20.347
2.75	54	-0.045286	0	0.50925	1.1378
3.313	55	-0.0045414	8	0.50925	47.945
3.86	56	-0.045199	0	0.50925	1.1378
4.422	57	0.020184	17	0.50925	31.267
4.969	58	-0.045598	0	0.50925	1.1378
5.532	59	-0.0018577	12	0.50925	34.841
6.079	60	-0.046692	0	0.50925	1.1378
6.641	61	-0.041573	1	0.50925	22.779
7.188	62	0.12005	41	0.50925	42.634
7.75	63	-0.046628	0	0.50925	1.1378
8.297	64	-0.033435	2	0.50925	30.97
8.86	65	0.21865	60	0.50925	62.787
9.407	66	0.17983	49	0.50925	64.028
9.954	67	-0.045135	0	0.50925	1.1378
10.516	68	-0.038714	2	0.50925	21.191
11.063	69	-0.045302	0	0.50925	1.1378
11.61	70	-0.03663	1	0.50925	46.953
12.172	71	-0.045175	0	0.50925	1.1378
12.719	72	-0.043945	1	0.50925	8.3847
13.282	73	0.034656	22	0.50925	31.416
13.829	74	-0.045318	0	0.50925	1.0881
14.391	75	-0.037021	1	0.50925	44.272
14.938	76	-0.046708	0	0.50925	1.1378
15.5	77	-0.045478	0	0.50925	1.0881
16.047	78	-0.043673	1	0.50925	10.569
16.61	79	0.50026	129	0.50925	61.744
17.157	80	-0.042443	1	0.50925	11.661
17.719	81	0.032321	20	0.50925	54.1
18.266	82	0.020081	16	0.50925	38.564
18.829	83	0.019369	19	0.50925	35.238
19.375	84	5.7553	756	0.50925	122.599
19.938	86	29.244	1440	0.50925	166.677
20.485	87	5.2931	807	0.50925	78.869
21.032	88	0.022794	16	0.50925	46.903
21.594	89	-0.046476	0	0.50925	1.1378
22.141	90	-0.046548	0	0.50925	1.1378
22.688	91	-0.045877	0	0.50925	1.1378
23.25	92	-0.029123	3	0.50925	30.324
23.797	93	0.038896	20	0.50925	52.462
24.36	94	-0.038114	2	0.50925	15.334
24.907	95	-0.041837	1	0.50925	21.886
25.469	96	-0.045103	0	0.50925	1.0881
26.016	97	-0.037349	2	0.50925	20.794
26.579	98	-0.040223	1	0.50925	27.048
27.125	99	-0.038769	2	0.50925	22.333
27.688	100	-0.04559	0	0.50925	1.1378
28.235	86	28.721	1450	0.50925	245.252
28.782	101	-0.045246	0	0.50925	1.1378
29.344	102	0.50417	132	0.50925	66.311
29.891	104	2.1107	426	0.50925	74.6
30.438	105	10.044	1109	0.50925	95.001
31	106	0.10416	35	0.50925	62.191
31.547	107	0.0071031	16	0.50925	37.025
32.094	108	-0.0352	5	0.50925	14.242
32.657	109	0.014961	12	0.50925	39.706
33.204	110	-0.045414	0	0.50925	1.1378
33.766	111	-0.046324	0	0.50925	1.1378
34.313	112	0.11703	45	0.50925	48.193
34.875	113	-0.017335	7	0.50925	42.882
35.422	114	-0.04218	1	0.50925	17.816
35.985	115	0.33143	96	0.50925	78.323
36.532	116	-0.0029597	12	0.50925	24.517
37.094	117	-0.026528	6	0.50925	26.701
37.641	118	-0.042843	0	0.50925	1.1378
38.188	119	0.08356	33	0.50925	60.702
38.735	120	-0.024683	4	0.50925	56.979
39.297	121	0.25401	85	0.50925	38.663
39.844	122	-0.030903	4	0.50925	16.327
40.407	123	0.078585	34	0.50925	59.61
40.954	124	-0.030904	3	0.50925	30.275
41.516	125	-0.040168	2	0.50925	13.894
42.063	126	-0.043218	0	0.50925	1.0881
42.625	127	-0.037676	1	0.50925	28.339
43.172	128	-0.042771	0	0.50925	1.1378
43.735	129	-0.036782	3	0.50925	19.057
44.282	130	-0.021097	4	0.50925	47.35
44.844	131	-0.0029683	10	0.50925	38.564
45.391	132	-0.0396	1	0.50925	23.871
45.954	133	-0.025352	6	0.50925	25.311
46.5	134	-0.043146	0	0.50925	1.1378
47.25	135	0.38976	110	0.50925	48.839
47.985	136	-0.021831	8	0.50925	20.645
48.719	137	-0.016328	6	0.50925	34.94
49.266	138	-0.046364	0	0.50925	1.1378
49.813	139	-0.040127	2	0.50925	15.781
50.375	140	-0.045079	0	0.50925	1.1378
50.922	141	0.0098101	16	0.50925	33.6
51.469	142	-0.036709	2	0.50925	27.098
52.219	143	-0.040447	2	0.50925	15.93
52.954	144	-0.029466	4	0.50925	31.168
53.688	145	0.17479	66	0.50925	37.72
54.235	146	-0.034697	3	0.50925	27.098
54.985	147	0.074518	35	0.50925	50.626
55.719	148	-0.028228	3	0.50925	59.263
56.454	149	-0.0040604	12	0.50925	36.032
57	150	-0.043458	1	0.50925	8.3351
57.563	86	29.474	1443	0.50925	187.574
58.11	151	-0.039385	1	0.50925	17.022
58.672	152	-0.044823	0	0.50925	1.1378
59.219	153	-0.045302	0	0.50925	1.0881
59.782	154	-0.044703	0	0.50925	1.1378
60.329	155	-0.043298	0	0.50925	6.9453
60.891	156	-0.037006	2	0.50925	20.397
61.438	157	-0.041029	1	0.50925	10.023
61.985	158	-0.036095	1	0.50925	32.657
62.547	159	0.002111	13	0.50925	38.316
63.282	160	-0.037269	3	0.50925	22.432
64.016	161	0.038113	21	0.50925	57.376
64.75	162	-0.037564	1	0.50925	45.761
65.297	163	0.050194	26	0.50925	59.411
65.86	164	-0.044304	0	0.50925	5.0094
66.407	165	-0.04067	2	0.50925	14.838
66.969	166	-0.033115	3	0.50925	31.516
67.516	167	0.019577	16	0.50925	34.047
68.079	168	-0.04103	1	0.50925	21.588
68.625	169	-0.039393	2	0.50925	15.135
69.188	170	-0.024571	6	0.50925	20.049
69.75	171	-0.036518	2	0.50925	33.551
70.485	172	-0.024307	5	0.50925	36.976
71.219	173	-0.024938	5	0.50925	22.928
71.954	174	-0.041948	1	0.50925	25.162
72.5	175	-0.020147	7	0.50925	20.546
73.063	176	-0.043856	1	0.50925	9.9235
73.61	177	0.064932	31	0.50925	40.351
74.157	178	-0.031806	4	0.50925	24.417
74.719	179	0.019455	16	0.50925	36.926
75.266	180	-0.043993	0	0.50925	7.7395
75.813	181	-0.032955	3	0.50925	41.939
76.375	182	-0.044648	1	0.50925	8.4344
76.922	183	0.012316	15	0.50925	40.698
77.485	184	-0.043466	1	0.50925	13.15
78.032	185	0.91124	234	0.50925	52.313
78.594	186	0.02345	22	0.50925	25.807
79.141	187	0.02	15	0.50925	44.471
79.704	188	-0.030918	3	0.50925	22.68
80.25	189	0.18206	64	0.50925	42.187
80.813	190	-0.032413	3	0.50925	15.781
81.36	191	0.075439	35	0.50925	41.244
81.907	192	-0.034992	2	0.50925	34.444
82.469	193	-0.039672	1	0.50925	17.369
83.204	194	-0.04174	1	0.50925	17.518
83.938	195	-0.024411	5	0.50925	37.571
84.672	196	-0.04198	1	0.50925	19.801
85.219	197	-0.02112	7	0.50925	23.425
85.782	198	-0.03849	1	0.50925	21.737
86.329	199	-0.0082141	10	0.50925	32.062
86.891	200	-0.045246	0	0.50925	1.1378
87.438	86	28.507	1456	0.50925	193.927
87.985	201	0.10635	42	0.50925	34.841
88.547	202	-0.035152	3	0.50925	19.603
89.094	203	0.0027731	15	0.50925	41.691
89.657	204	-0.032837	3	0.50925	23.772
90.204	205	0.10782	42	0.50925	57.376
90.766	206	-0.0044137	13	0.50925	32.012
91.5	207	-0.026304	6	0.50925	31.466
92.25	208	-0.040463	1	0.50925	23.077
92.969	209	-0.039617	1	0.50925	14.44
93.532	210	-0.045143	0	0.50925	1.1378
94.079	211	-0.032484	3	0.50925	22.184
94.625	212	-0.036391	2	0.50925	24.815
95.188	213	-0.014676	8	0.50925	28.091
95.735	214	-0.043985	1	0.50925	8.7818
96.282	215	-0.01966	8	0.50925	26.949
96.844	216	-0.033923	3	0.50925	23.226
97.391	217	-0.024682	4	0.50925	39.16
97.954	218	-0.038163	2	0.50925	35.139
98.5	219	-0.0020893	11	0.50925	40.301
99.25	220	-0.0325	3	0.50925	25.708
99.985	221	-0.031504	3	0.50925	39.259
100.719	222	-0.0352	3	0.50925	20.794
101.266	223	-0.040271	2	0.50925	11.76
101.829	224	-0.044105	1	0.50925	12.405
102.375	225	-0.03512	3	0.50925	33.203
102.938	226	-0.037588	2	0.50925	41.89
103.485	227	-0.038666	2	0.50925	9.03
104.235	228	-0.028212	5	0.50925	17.22
104.969	229	-0.021959	6	0.50925	36.082
105.688	230	-0.037252	2	0.50925	29.729
106.25	231	-0.040335	3	0.50925	14.043
106.797	232	-0.039233	2	0.50925	25.658
107.36	233	-0.038849	3	0.50925	14.341
108.094	234	-0.036454	4	0.50925	23.177
108.829	235	-0.027566	4	0.50925	51.42
109.563	236	-0.040766	2	0.50925	31.118
110.11	237	-0.046851	0	0.50925	1.1378
110.672	238	-0.045175	1	0.50925	10.172
111.219	239	-0.0095955	9	0.50925	33.501
111.782	240	-0.03833	2	0.50925	20.149
112.329	241	0.016478	16	0.50925	36.727
112.891	242	-0.028978	5	0.50925	23.574
113.438	243	-0.015667	9	0.50925	44.719
114	244	-0.040854	1	0.50925	22.482
114.547	245	-0.027087	3	0.50925	49.881
115.11	246	-0.042515	1	0.50925	16.178
115.657	247	0.42343	113	0.50925	78.77
116.219	248	0.026245	14	0.50925	70.133
116.766	249	-0.034545	3	0.50925	36.181
117.329	250	-0.041804	1	0.50925	25.063
